Point	x	y	z
1	1.323043	0.993656	1.382146
2	1.310798	1.026116	1.375594
3	1.345399	1.034844	1.360515
4	1.355664	0.98334	1.36891
5	1.28017	0.999181	1.382709
6	1.085734	1.22426	0.643278
7	1.090397	1.176578	0.668138
8	1.042215	1.257268	0.570042
9	1.029595	1.298218	0.598418
10	1.019276	1.321652	0.559404
11	1.086014	1.057657	0.805673
12	1.096862	1.073241	0.807581
13	1.545487	1.27304	0.587661
14	1.559573	1.281988	0.530478
15	1.546105	1.25587	0.528295
16	1.414067	1.452031	0.550837
17	1.392885	1.426295	0.578916
18	1.423327	1.422938	0.573641
19	1.02451	1.298628	0.539916
20	1.326946	0.951486	1.372965
21	1.326551	0.976972	1.379794
22	1.371272	1.425906	0.572124
23	1.353514	1.213768	0.607809
24	1.470161	1.112452	0.725335
25	1.07814	1.280958	0.627868
26	1.091467	1.255151	0.610275
27	1.042595	1.337315	0.587271
28	1.061624	1.260563	0.522065
29	1.066075	1.248412	0.54089
30	1.305776	1.050419	1.360674
31	1.606665	1.305217	0.578361
32	1.60541	1.285538	0.55214
33	1.605239	1.30762	0.557632
34	1.261686	1.034804	1.358029
35	1.259586	0.927008	1.215125
36	1.236233	0.924569	1.281491
37	1.247606	0.948263	1.212486
38	1.292383	0.924309	0.776799
39	1.368959	1.030397	1.341319
40	1.522258	1.046193	0.788565
41	1.530963	1.043874	0.764761
42	1.535539	1.069956	0.782185
43	1.425686	0.987806	0.513746
44	1.453739	1.043517	0.520824
45	1.44191	1.001581	0.54798
46	1.352915	1.359781	0.575678
47	1.330262	1.214662	0.583458
48	1.343575	0.941297	1.363154
49	1.06472	0.950444	1.051057
50	1.066239	0.97894	1.064687
51	1.042595	1.000537	0.938178
52	1.239203	1.001803	1.352604
53	1.267793	0.982703	1.374134
54	1.383552	0.986872	1.33565
55	1.376119	1.535344	0.520112
56	1.398723	1.540389	0.52501
57	1.368649	1.524303	0.494255
58	1.354281	1.51389	0.507921
59	1.263653	0.956672	1.366559
60	1.304334	1.066352	1.343363
61	1.368311	0.939487	1.339588
62	1.344673	1.422879	0.5478
63	1.453776	1.027254	1.047755
64	1.454956	1.01767	1.073809
65	1.484179	1.022644	1.056266
66	1.145404	1.501641	0.478292
67	1.136888	1.48024	0.448504
68	1.151398	1.485724	0.470395
69	1.405851	1.472919	0.47553
70	1.035196	1.310724	0.615632
71	1.02346	1.332257	0.579702
72	1.123918	1.852403	0.174519
73	1.092585	1.831795	0.174247
74	1.121119	1.840738	0.18227
75	1.312915	0.950532	1.374356
76	1.10404	0.937016	0.992147
77	1.052578	1.028106	0.823754
78	1.071338	1.026898	0.818281
79	1.155425	0.908235	0.950226
80	1.174248	0.96933	0.761873
81	1.18911	0.949723	0.77289
82	1.234939	0.95866	1.340174
83	1.466457	1.292133	0.516354
84	1.47128	1.214193	0.538083
85	1.463352	1.20463	0.501655
86	1.078693	1.239095	0.64917
87	1.462271	1.082984	0.764449
88	1.470874	1.096914	0.766343
89	1.46598	1.07775	0.747465
90	1.298994	1.066304	1.163963
91	1.315003	1.06423	1.164563
92	1.093207	1.061342	0.776461
93	1.097081	1.066934	0.783418
94	1.030348	1.049487	0.842854
95	1.135913	0.975844	0.547486
96	1.127614	0.995227	0.589554
97	1.129748	0.98249	0.536001
98	1.057982	1.048481	0.971649
99	1.052564	1.101103	0.853888
100	1.157383	1.515278	0.305001
101	1.145097	1.567681	0.220566
102	1.134908	0.983629	1.108793
103	1.111614	1.012484	1.086929
104	1.0976	0.980007	1.100943
105	1.201881	1.099723	0.783003
106	1.183454	1.098557	0.699703
107	1.174191	1.075224	0.777929
108	1.154041	0.906163	1.089472
109	1.131869	0.930195	1.1027
110	1.142788	0.899135	1.062452
111	1.544475	1.2338	0.642578
112	1.508034	1.129122	0.762922
113	1.530341	1.120971	0.760198
114	1.099312	1.050647	0.540586
115	1.561878	1.242912	0.517713
116	1.139072	1.010019	1.091476
117	1.136477	1.022579	1.057735
118	1.111814	1.291726	0.495909
119	1.09657	1.194102	0.523436
120	1.102518	1.281609	0.527852
121	1.276649	0.91291	1.228272
122	1.217098	1.516365	0.481762
123	1.210107	1.527904	0.482928
124	1.228355	1.515609	0.507889
125	1.135182	1.470608	0.518369
126	1.148793	1.479868	0.548444
127	1.059532	1.304249	0.543672
128	1.042302	1.336496	0.562214
129	1.13506	0.956632	1.111942
130	1.447531	1.476885	0.500476
131	1.450039	1.489946	0.513106
132	1.119392	1.029357	0.502621
133	1.196024	1.630503	0.205022
134	1.529586	1.090964	0.78131
135	1.538474	1.075463	0.7626
136	1.525322	1.098695	0.761303
137	1.527313	0.941463	1.036607
138	1.253486	1.01586	1.178752
139	1.247055	0.977102	1.198763
140	1.552225	1.262531	0.516575
141	1.315169	0.867036	1.016896
142	1.420883	1.053903	0.619866
143	1.439785	1.044231	0.602656
144	1.436888	1.197043	0.603277
145	1.175858	1.069269	0.639288
146	1.205186	1.120122	0.638731
147	1.30734	0.907031	1.228854
148	1.042047	1.214593	0.61095
149	1.355588	0.927236	0.778271
150	1.222357	1.195241	0.609395
151	1.247536	1.205346	0.576859
152	1.226402	1.426874	0.555411
153	1.165981	1.064576	1.005306
154	1.177946	1.487286	0.562472
155	1.205064	1.470193	0.553228
156	1.19921	1.515618	0.554551
157	1.456983	0.936674	0.988579
158	1.437238	0.937329	0.915294
159	1.277216	1.071951	1.170157
160	1.251859	1.063228	1.190911
161	1.277731	1.088606	1.214377
162	1.173619	1.516416	0.556117
163	1.267185	1.124033	0.706624
164	1.295316	1.123601	0.801719
165	1.306071	1.123694	0.702931
166	1.115461	1.204528	0.48155
167	1.196107	1.631647	0.234011
168	1.238791	1.427306	0.511614
169	1.23463	1.372036	0.48234
170	1.226125	1.418068	0.474602
171	1.038402	1.094533	0.740471
172	1.065966	1.086378	0.743028
173	1.052578	1.087745	0.749081
174	1.038846	1.273988	0.525983
175	1.518843	1.090655	0.820841
176	1.485855	1.091872	0.824884
177	1.514547	1.051011	0.955168
178	1.558309	1.194698	0.613752
179	1.567076	1.204752	0.629309
180	1.512618	0.923423	1.025604
181	1.495123	0.917687	1.064877
182	1.488119	0.909949	1.028972
183	1.499503	1.034001	0.783213
184	1.509208	1.030679	0.76278
185	1.397699	0.879327	0.965097
186	1.39331	0.877405	1.041829
187	1.074555	1.101272	0.82797
188	1.0695	1.116901	0.817727
189	1.049535	1.093307	0.828403
190	1.156585	1.516427	0.551186
191	1.216862	0.875398	0.97286
192	1.171206	0.889464	0.967905
193	1.216465	0.936864	0.774095
194	1.156273	1.005901	0.743473
195	1.152324	1.040733	0.731449
196	1.503674	1.110226	0.764842
197	1.093522	1.839764	0.149241
198	1.078287	1.811376	0.16052
199	1.436944	1.524839	0.512042
200	1.444582	1.504453	0.534176
201	1.346899	1.485757	0.51139
202	1.359002	1.504165	0.486788
203	1.260956	1.04577	1.171476
204	1.464295	1.076325	0.816142
205	1.460558	1.047075	0.809624
206	1.432565	1.040981	0.939179
207	1.586766	1.314789	0.56482
208	1.598712	1.314907	0.580412
209	1.546256	1.367937	0.534858
210	1.536008	1.339684	0.518262
211	1.549551	1.325663	0.523076
212	1.201966	1.19903	0.6195
213	1.191147	1.430629	0.575895
214	1.541493	0.997755	0.900112
215	1.527036	0.976568	0.90266
216	1.535797	1.033274	0.800159
217	1.05627	1.361874	0.543358
218	1.178312	0.969635	0.49816
219	1.216963	0.984539	0.463381
220	1.263098	0.950014	0.489706
221	1.226923	1.493179	0.482136
222	1.353211	1.060386	1.316852
223	1.138661	1.472142	0.490302
224	1.145213	1.456353	0.511504
225	1.41877	1.521065	0.552904
226	1.484436	1.030355	1.022763
227	1.46355	1.02076	1.005414
228	1.532403	1.079929	0.744982
229	1.544983	1.10656	0.74858
230	1.11117	0.911913	1.076542
231	1.54195	1.056984	0.807955
232	1.541122	1.040473	0.90503
233	1.457658	0.912709	1.008771
234	1.46509	0.906012	1.049881
235	1.359846	1.111505	0.703387
236	1.415654	0.882665	0.984782
237	1.201834	1.602984	0.226696
238	1.416252	1.061648	0.678036
239	1.420861	1.015174	0.65617
240	1.396857	1.057903	0.627763
241	1.428093	1.016708	0.834438
242	1.360393	0.971906	1.198901
243	1.360533	0.966126	1.12673
244	1.34912	0.995576	1.182888
245	1.261055	1.00047	1.174742
246	1.199758	1.066282	1.045984
247	1.145202	1.030574	1.044708
248	1.158942	1.021288	0.629449
249	1.127909	1.490659	0.427582
250	1.124609	1.523118	0.33502
251	1.144098	1.498566	0.358814
252	1.480571	1.101947	0.751218
253	1.127495	1.068189	0.477932
254	1.109245	1.097713	0.498239
255	1.032895	1.094099	0.811468
256	1.039966	1.08309	0.82059
257	1.358601	0.939021	1.128712
258	1.154526	1.453006	0.489649
259	1.478968	1.12285	0.748478
260	1.218147	1.493031	0.548167
261	1.442464	1.42086	0.561183
262	1.054944	1.269141	0.511359
263	1.579049	1.331203	0.549238
264	1.398471	1.090421	0.684032
265	1.410112	1.060315	0.749677
266	1.158939	0.992356	0.789482
267	1.317213	1.264715	0.546893
268	1.559333	1.209988	0.65242
269	1.565234	1.229121	0.639067
270	1.095937	1.034199	0.820896
271	1.117428	1.019938	0.882776
272	1.094395	1.030851	1.035616
273	1.075553	1.106107	0.850873
274	1.316079	1.264335	0.501262
275	1.307781	1.215226	0.529991
276	1.52924	0.968646	1.051988
277	1.359982	0.947991	1.216716
278	1.340989	0.919455	1.224438
279	1.343174	0.910997	1.130999
280	1.469401	1.016239	0.825762
281	1.045496	1.113375	0.813858
282	1.090188	0.950361	1.092627
283	1.544145	1.090901	0.740458
284	1.291792	0.897057	1.139586
285	1.53631	1.072067	0.831047
286	1.177867	1.538628	0.490723
287	1.187289	1.543915	0.510466
288	1.164399	0.980631	0.691714
289	1.15353	0.974876	0.58836
290	1.385968	1.473942	0.565448
291	1.375616	1.501619	0.561696
292	1.369578	1.47188	0.555738
293	1.123791	0.986694	0.940994
294	1.21382	1.112033	0.708035
295	1.553825	1.274107	0.513129
296	1.485566	0.992304	1.09216
297	1.508133	1.007994	1.061875
298	1.309121	0.93282	0.560027
299	1.245484	0.940881	0.654791
300	1.221307	0.937758	0.562902
301	1.411131	1.012699	0.612497
302	1.407586	0.975561	0.5749
303	1.436664	1.010497	0.588262
304	1.364132	0.974339	0.475766
305	1.402801	0.984889	0.483068
306	1.377956	0.954415	0.519655
307	1.46314	1.226191	0.568904
308	1.45757	1.421584	0.530425
309	1.478429	1.086566	0.736359
310	1.591385	1.342131	0.545063
311	1.546855	1.373219	0.524801
312	1.453158	1.010723	0.996351
313	1.161	1.470521	0.41516
314	1.418788	1.023457	0.723678
315	1.537798	1.222047	0.55062
316	1.541833	1.212619	0.561628
317	1.436253	1.48334	0.48059
318	1.437844	1.507491	0.489461
319	1.161855	1.056795	0.783447
320	1.533988	0.988466	1.007495
321	1.083512	1.251434	0.571456
322	1.068784	1.268753	0.531885
323	1.048146	1.001711	0.890102
324	1.170898	1.473493	0.465718
325	1.117383	1.005541	0.52499
326	1.107662	1.019947	0.578604
327	1.338258	1.003469	1.173032
328	1.342097	1.000818	1.123334
329	1.101161	1.098345	0.777329
330	1.088745	1.116074	0.808519
331	1.105419	1.08936	0.79362
332	1.143462	0.914057	0.987696
333	1.133872	0.930359	1.000575
334	1.425545	0.91022	0.921151
335	1.408077	0.97357	0.740563
336	1.330677	1.144517	0.55675
337	1.349001	1.139269	0.590231
338	1.316705	1.181529	0.545824
339	1.067828	1.328984	0.533389
340	1.393748	1.078533	1.003343
341	1.315291	1.103249	0.943932
342	1.331461	1.076424	1.041211
343	1.365799	1.158916	0.61769
344	1.380951	1.237478	0.613102
345	1.466357	1.09921	0.527475
346	1.456368	1.067798	0.578456
347	1.266031	0.938636	0.697938
348	1.283135	0.97238	0.460577
349	1.127371	1.631702	0.103643
350	1.155245	1.608924	0.134079
351	1.13457	1.622537	0.13777
352	1.40759	0.968702	0.53387
353	1.175821	1.680668	0.190037
354	1.092308	0.917684	1.031041
355	1.065109	1.048742	0.790732
356	1.326567	1.010547	1.163497
357	1.120579	1.003408	0.516254
358	1.152433	0.998754	0.473445
359	1.15263	0.982008	0.493767
360	1.361908	1.477926	0.553309
361	1.371688	1.459596	0.532223
362	1.086603	1.315011	0.512477
363	1.072531	1.302501	0.518347
364	1.126914	1.023168	1.012739
365	1.111443	1.080839	0.836666
366	1.094173	1.10049	0.84485
367	1.327364	1.357382	0.510735
368	1.332383	1.364469	0.493043
369	1.315955	1.274171	0.50999
370	1.311991	0.895927	1.133797
371	1.411034	1.062054	0.84817
372	1.340158	0.929053	1.359229
373	1.247318	0.983497	1.127352
374	1.089184	1.231699	0.599384
375	1.064304	1.252179	0.648483
376	1.054003	1.233054	0.574407
377	1.535101	1.05987	0.750667
378	1.527152	1.247074	0.624294
379	1.530428	1.047298	0.754052
380	1.386133	1.523592	0.552159
381	1.401018	1.499709	0.567419
382	1.196817	1.600163	0.205153
383	1.489924	1.016561	0.793008
384	1.08613	1.010922	1.070184
385	1.399547	0.953065	0.768574
386	1.549279	1.217754	0.560236
387	1.163976	0.983695	0.752091
388	1.132995	1.548696	0.468134
389	1.121528	1.520519	0.459854
390	1.144925	1.509889	0.483086
391	1.539658	0.995446	0.949131
392	1.151041	1.042441	0.675156
393	1.573561	1.294071	0.608979
394	1.110059	1.251495	0.571996
395	1.10143	1.222305	0.559447
396	1.107828	1.085392	0.598209
397	1.159115	1.533113	0.49036
398	1.280138	1.012561	1.16076
399	1.265431	1.004003	1.12458
400	1.247511	1.04984	1.325245
401	1.11732	1.049957	0.857067
402	1.370037	0.946394	0.558842
403	1.39781	0.968968	0.649673
404	1.366799	0.950523	0.641741
405	1.418039	1.047229	1.060859
406	1.134778	0.903639	1.035053
407	1.23965	0.946279	1.13099
408	1.081615	1.123536	0.784518
409	1.065071	1.051719	0.806224
410	1.328083	0.952543	0.490774
411	1.16672	1.568646	0.471551
412	1.129698	1.612288	0.330076
413	1.035748	1.247715	0.641632
414	1.120832	1.039993	0.61224
415	1.385414	0.938927	0.778282
416	1.137918	1.011621	1.012282
417	1.138056	1.244767	0.601378
418	1.156526	1.430513	0.573425
419	1.129088	1.429767	0.552673
420	1.200578	0.884642	1.070613
421	1.16661	0.885231	1.019741
422	1.25039	0.871009	1.049612
423	1.226647	1.548578	0.459755
424	1.511413	0.981044	1.077089
425	1.513208	0.948413	1.072938
426	1.524049	0.993998	1.053043
427	1.059512	1.217243	0.593225
428	1.431691	0.977284	1.111573
429	1.133847	1.500633	0.530655
430	1.255495	1.222874	0.550234
431	1.550676	1.109345	0.731914
432	1.030704	1.335321	0.5639
433	1.058421	1.127332	0.789107
434	1.066881	1.054436	0.770764
435	1.224452	1.470806	0.533888
436	1.473786	1.092674	0.713071
437	1.422099	1.033689	0.697893
438	1.584039	1.270389	0.625173
439	1.587382	1.255931	0.617548
440	1.524652	1.225189	0.639614
441	1.254626	1.142126	0.529252
442	1.230764	1.143639	0.559987
443	1.15626	1.06364	0.709369
444	1.319122	0.941242	0.646808
445	1.365534	0.944965	0.702668
446	1.131796	1.490266	0.51451
447	1.300051	1.015702	1.12194
448	1.477119	1.076031	0.797354
449	1.390475	0.994491	0.465589
450	1.224951	1.568058	0.359973
451	1.226015	1.559046	0.342835
452	1.445746	0.987944	0.946001
453	1.096892	1.325458	0.51227
454	1.299948	1.150332	0.561079
455	1.197139	1.566561	0.471239
456	1.195252	1.622325	0.291752
457	1.299808	1.016309	1.155234
458	1.094355	1.106576	0.76616
459	1.033441	1.111796	0.791988
460	1.443215	1.103868	0.478863
461	1.442868	1.193275	0.474114
462	1.515558	1.205426	0.612354
463	1.513855	1.219123	0.584807
464	1.061238	1.23848	0.557972
465	1.075531	1.22437	0.580352
466	1.505184	1.086059	0.800951
467	1.15925	1.720154	0.168731
468	1.149717	1.699058	0.179102
469	1.48837	1.075321	0.729362
470	1.110273	1.032317	1.024057
471	1.48104	0.932288	0.984613
472	1.262958	0.905693	1.132617
473	1.234563	1.174452	0.589803
474	1.251246	1.180911	0.547429
475	1.118678	1.660219	0.156933
476	1.119478	1.572388	0.262511
477	1.119376	1.635698	0.226856
478	1.096436	1.07867	0.564664
479	1.172248	1.46163	0.43981
480	1.187876	0.956607	0.700956
481	1.198548	0.950999	0.660762
482	1.145559	1.074817	0.630706
483	1.16958	1.210913	0.618674
484	1.063835	1.286024	0.495966
485	1.06191	1.290081	0.637536
486	1.222547	1.070513	1.051764
487	1.528702	1.241787	0.553241
488	1.168656	1.549426	0.240227
489	1.183015	1.540805	0.260242
490	1.178201	1.710512	0.162035
491	1.395292	1.023403	1.097697
492	1.313956	1.051918	1.087766
493	1.368274	1.099031	0.788876
494	1.471916	1.057497	0.789041
495	1.374805	1.040208	1.301661
496	1.531728	1.188728	0.609176
497	1.413057	0.986071	0.706641
498	1.395068	0.962854	0.708693
499	1.096587	1.144153	0.761015
500	1.103127	1.120269	0.740841
501	1.047622	1.290828	0.63703
502	1.129653	1.712317	0.166635
503	1.126531	1.680865	0.1776
504	1.178195	1.618668	0.099889
505	1.150556	1.62308	0.076319
506	1.192303	1.080771	0.989354
507	1.570582	1.272519	0.630076
508	1.516847	1.21256	0.592586
509	1.261189	1.149064	0.61251
510	1.324303	1.143509	0.613699
511	1.352966	1.471292	0.535917
512	1.099777	1.111902	0.761577
513	1.552163	1.293261	0.509735
514	1.167997	0.955484	0.564367
515	1.279555	0.937552	0.51662
516	1.184175	0.953301	0.522363
517	1.19353	1.646354	0.09537
518	1.189945	1.64941	0.147707
519	1.182337	1.621477	0.146347
520	1.08334	1.751374	0.124283
521	1.186728	1.001294	1.113755
522	1.45961	0.968878	0.956771
523	1.401471	1.214499	0.615599
524	1.236371	1.516784	0.446894
525	1.356029	1.512419	0.534653
526	1.104209	1.719271	0.143406
527	1.185844	1.708555	0.13915
528	1.198648	1.111973	0.622903
529	1.213995	1.513714	0.47818
530	1.420852	1.063578	0.964296
531	1.110802	1.066274	0.827767
532	1.384407	0.944456	1.295192
533	1.464636	1.057662	0.776706
534	1.423383	0.902557	1.084461
535	1.117291	1.426734	0.527142
536	1.214902	1.492725	0.468105
537	1.337381	1.422888	0.506657
538	1.177146	1.460035	0.552255
539	1.059833	1.298808	0.494857
540	1.136627	1.604149	0.175726
541	1.369971	1.113202	0.636432
542	1.084263	1.143181	0.780812
543	1.053971	1.367128	0.534896
544	1.470573	0.931392	1.088673
545	1.468815	0.955894	1.099685
546	1.041919	1.059015	0.779901
547	1.041449	1.065462	0.811351
548	1.032745	1.063964	0.790785
549	1.431894	1.03085	0.484156
550	1.519313	1.199955	0.609406
551	1.22774	1.505116	0.534389
552	1.455919	1.417982	0.501643
553	1.458775	1.304886	0.495844
554	1.335886	1.420806	0.523208
555	1.133721	1.660516	0.219218
556	1.541795	1.199928	0.582252
557	1.24465	1.312964	0.495741
558	1.421526	1.010343	0.70066
559	1.175244	0.959805	1.122763
560	1.039131	1.117788	0.780058
561	1.227345	1.033046	1.100173
562	1.344054	1.110902	0.833084
563	1.210707	1.531825	0.527362
564	1.361437	1.434552	0.480633
565	1.353531	1.417392	0.473194
566	1.349982	0.907912	1.31963
567	1.557299	1.155968	0.68287
568	1.085015	0.924394	1.065218
569	1.515145	1.019163	0.789313
570	1.452928	1.014986	0.935017
571	1.135639	1.514698	0.504806
572	1.169031	1.079229	0.668866
573	1.089396	1.36057	0.531686
574	1.521294	1.210835	0.57653
575	1.321774	1.1487	0.528829
576	1.316271	1.135566	0.512757
577	1.158488	1.66549	0.223907
578	1.156046	1.622723	0.331603
579	1.348355	1.490526	0.525069
580	1.440936	1.35996	0.473705
581	1.314298	0.874612	1.064482
582	1.086599	1.222009	0.617952
583	1.212765	1.12988	0.603438
584	1.482037	1.098598	0.786192
585	1.465882	1.081425	0.779623
586	1.459624	0.99651	1.093721
587	1.167362	1.609191	0.142359
588	1.264941	0.928797	1.350103
589	1.033478	1.10005	0.754479
590	1.099764	1.108256	0.748752
591	1.574738	1.239344	0.580348
592	1.473831	1.042358	0.772545
593	1.09172	1.098869	0.754043
594	1.548702	1.235229	0.529101
595	1.134012	1.013356	0.993376
596	1.508298	1.102198	0.786291
597	1.055987	1.148717	0.78388
598	1.039276	1.141671	0.779941
599	1.182267	1.537721	0.535634
600	1.044855	1.249585	0.650598
601	1.037871	1.348887	0.532682
602	1.234002	1.486802	0.509327
603	1.229785	1.471226	0.508237
604	1.208392	1.457784	0.534034
605	1.095766	1.08135	0.815613
606	1.043802	1.334926	0.516062
607	1.541178	1.248291	0.535309
608	1.171376	1.753275	0.157082
609	1.108684	1.352173	0.52041
610	1.076785	0.928993	1.035627
611	1.52353	1.070639	0.797183
612	1.4623	1.060604	0.758094
613	1.144722	1.014106	0.952586
614	1.228698	1.030674	1.305525
615	1.130804	1.642323	0.074957
616	1.09114	1.096021	0.742593
617	1.358427	1.124304	0.60535
618	1.3812	1.092612	0.622873
619	1.484848	1.033386	0.767705
620	1.158143	0.964298	0.555083
621	1.463841	0.915037	1.073425
622	1.246733	1.116903	0.819264
623	1.222574	0.984918	1.303124
624	1.137218	0.974634	0.532699
625	1.1554	1.53509	0.520633
626	1.254173	1.109435	0.898931
627	1.293512	1.106711	1.250159
628	1.072449	1.236544	0.561909
629	1.408148	1.456507	0.552321
630	1.111768	1.579065	0.347118
631	1.420433	1.491459	0.486708
632	1.111297	1.545213	0.350713
633	1.111346	1.587097	0.289308
634	1.433888	1.451399	0.521775
635	1.036149	1.047152	0.824985
636	1.317488	0.911937	1.343784
637	1.212371	1.591481	0.288548
638	1.283055	0.903504	1.329233
639	1.386511	0.969361	1.264404
640	1.213163	0.945837	0.699916
641	1.513139	1.068806	0.720939
642	1.169474	1.500371	0.336625
643	1.386163	0.998558	1.264724
644	1.105276	1.040787	0.827496
645	1.252553	0.92036	1.331141
646	1.034669	1.072188	0.805928
647	1.352453	1.067289	1.243884
648	1.089129	1.366802	0.525484
649	1.370715	0.920006	1.276477
650	1.034459	1.115114	0.77418
651	1.032576	1.122887	0.775549
652	1.303773	1.102323	1.244515
653	1.026881	1.122362	0.767419
654	1.1833	1.105524	0.630423
655	1.289196	0.925683	1.360905
656	1.22011	1.550089	0.310062
657	1.226132	1.140276	0.575675
658	1.225549	1.02036	1.246813
659	1.23465	1.503542	0.420192
660	1.286608	1.125057	0.490186
661	1.146887	1.521835	0.489717
662	1.188864	1.667232	0.090921
663	1.067808	1.275362	0.52142
664	1.305949	0.913809	1.347407
665	1.224887	0.961127	1.269959
666	1.257241	1.204195	0.514426
667	1.126139	1.759473	0.163634
668	1.152222	1.773337	0.16602
669	1.07882	1.221081	0.59621
670	1.4335	1.420216	0.471177
671	1.228124	1.523149	0.36956
672	1.07227	1.087571	0.749404
673	1.298651	0.934529	1.368549
674	1.36706	1.040484	1.233961
675	1.427732	1.450991	0.498623
676	1.314974	0.893603	1.307397
677	1.057722	1.251005	0.537186
678	1.436869	1.009922	0.897016
679	1.164068	1.061467	0.666319
680	1.354925	0.997071	0.458157
681	1.20479	1.450967	0.486583
682	1.209188	1.432076	0.468319
683	1.212547	1.457239	0.510969
684	1.14658	1.022133	0.684636
685	1.244669	1.062172	1.244629
686	1.163916	1.818901	0.153914
687	1.233997	1.487583	0.505469
688	1.285755	0.892991	1.300667
689	1.095953	1.723761	0.102824
690	1.248015	0.913194	1.280917
691	1.341035	0.901264	1.26655
692	1.151694	1.840909	0.177721
693	1.336701	1.066939	1.186926
694	1.289951	1.105217	1.246238
695	1.178917	1.703197	0.107289
696	1.31071	1.089617	1.210163
697	1.303197	1.093033	1.239856
698	1.128185	0.957949	0.98719
699	1.208841	1.595833	0.264573
700	1.315172	0.892292	1.280948
701	1.154162	1.457934	0.538126
702	1.209612	1.563375	0.266679
703	1.359381	1.010787	1.198574
704	1.312607	0.896413	1.259146
705	1.040374	1.056148	0.919523
706	1.288924	0.894165	1.267592
707	1.290776	1.090724	1.211743
708	1.287468	1.092815	1.23958
709	1.171334	1.766857	0.125273
710	1.313357	0.982428	0.453853
711	1.125852	1.023156	0.916382
712	1.334483	1.052369	1.171685
713	1.405263	1.473736	0.565863
714	1.287409	1.086825	1.212703
715	1.151194	1.849727	0.168377
716	1.125591	1.42651	0.485698
717	1.399148	1.450193	0.482321
718	1.429314	1.462555	0.483596
719	1.337907	1.097739	0.469347
720	1.416682	1.042272	0.463382
721	1.382019	1.41064	0.457983
722	1.311931	1.210669	0.502726
723	1.308076	1.192696	0.520766
724	1.215626	1.509943	0.353651
725	1.200697	1.549606	0.265413
726	1.113705	1.800526	0.116483
727	1.084503	1.793848	0.124361
728	1.211174	1.467676	0.450691
729	1.16572	1.663789	0.077753
730	1.144139	1.705228	0.087307
731	1.147127	1.806288	0.12437
732	1.281301	1.008846	0.445624
733	1.12296	1.85217	0.151028
734	1.337119	1.245365	0.47851
735	1.415875	1.132103	0.46737
736	1.403478	1.137489	0.46841
737	1.443009	1.287855	0.480829
738	1.370503	1.489419	0.48952
739	1.185174	1.519961	0.297356
740	1.137395	1.401496	0.469841
741	1.238928	1.158816	0.513438
742	1.379553	1.03757	0.451896
743	1.207108	1.15399	0.483471
744	1.244376	1.127002	0.505655
745	1.242524	1.116883	0.490447
746	1.246195	1.217248	0.494473
747	1.328059	1.158066	0.506182
748	1.193121	1.057548	0.4576
749	1.341089	1.059025	0.453249
750	1.211043	1.47027	0.475411
751	1.365753	1.15764	0.479457
752	1.354554	1.127088	0.480419
753	1.205977	1.455235	0.459546
754	1.414893	1.291361	0.469458
755	1.209694	1.115647	0.477301
756	1.16836	1.160566	0.470593
757	1.221283	1.235877	0.475378
758	1.19143	1.242777	0.466276
759	1.223254	1.345393	0.470652
760	1.125796	1.251997	0.473954
761	1.241712	1.085708	0.467208
762	1.190024	1.101275	0.46827
763	1.108638	1.723198	0.094398
764	1.165251	1.028903	0.461433
765	1.167547	1.441133	0.457385
766	1.195924	1.458458	0.439297
767	1.410046	1.387066	0.457341
768	1.392818	1.309243	0.465973
769	1.365221	1.331155	0.467918
770	1.150924	1.240006	0.465594
771	1.192471	1.414214	0.459789
772	1.191622	1.47127	0.417224
773	1.461663	1.58527	0.307486
774	1.461713	1.543386	0.368892
775	1.461242	1.577237	0.365297
776	1.442205	1.640496	0.093135
777	1.401634	1.751448	0.175261
778	1.405647	1.607364	0.160538
779	1.416964	1.620896	0.349782
780	1.414521	1.663663	0.242085
781	1.439288	1.658689	0.237397
782	1.436383	1.602322	0.193904
783	1.387166	1.706728	0.157329
784	1.4688	1.717444	0.161584
785	1.336639	1.514957	0.465073
786	1.48967	1.749547	0.142461
787	1.390673	1.61965	0.164526
788	1.383064	1.647583	0.165885
789	1.379479	1.644527	0.113548
790	1.422453	1.621252	0.094498
791	1.394815	1.616841	0.118067
792	1.446478	1.679038	0.195779
793	1.443356	1.710491	0.184814
794	1.394808	1.708685	0.180214
795	1.397174	1.543288	0.268413
796	1.400762	1.459802	0.457989
797	1.453633	1.633871	0.245035
798	1.453532	1.57056	0.28069
799	1.454332	1.658392	0.175112
800	1.423292	1.697231	0.19728
801	1.413759	1.718327	0.18691
802	1.377757	1.620498	0.30993
803	1.37587	1.564734	0.489418
804	1.346995	1.557219	0.361013
805	1.348058	1.56623	0.378152
806	1.346362	1.546751	0.477934
807	1.443311	1.610461	0.348255
808	1.40629	1.566819	0.489729
809	1.451482	1.518692	0.478033
810	1.440015	1.546869	0.486312
811	1.376192	1.598336	0.223331
812	1.397189	1.678841	0.208216
813	1.43844	1.62071	0.155949
814	1.417764	1.607097	0.152258
815	1.445638	1.629875	0.121821
816	1.41201	1.468693	0.433339
817	1.428911	1.496738	0.376993
818	1.4484	1.521291	0.353198
819	1.4451	1.488832	0.445761
820	1.371175	1.601158	0.244874
821	1.494722	1.809549	0.178699
822	1.479487	1.837937	0.16742
823	1.376902	1.62982	0.25219
824	1.376986	1.628676	0.223201
825	1.427912	1.565854	0.238744
826	1.415626	1.513451	0.323179
827	1.45189	1.838911	0.200448
828	1.480424	1.829968	0.192425
829	1.449091	1.850576	0.192697
830	1.436121	1.478412	0.466683
831	1.360639	1.589654	0.306726
832	1.403536	1.498543	0.354803
833	1.352899	1.548262	0.328241
834	1.33836	1.501715	0.438371
835	1.384145	1.665405	0.1091
836	1.44687	1.757647	0.181812
837	1.420788	1.77151	0.184198
838	1.344886	1.521322	0.387739
839	1.409094	1.817074	0.172092
840	1.421315	1.839082	0.1959
841	1.394092	1.70137	0.125467
842	1.364168	1.594006	0.282752
843	1.363397	1.561547	0.284858
844	1.401675	1.76503	0.143451
845	1.421816	1.8479	0.186556
846	1.357383	1.508116	0.371829
847	1.372313	1.547778	0.283591
848	1.361835	1.465849	0.468869
849	1.40729	1.661961	0.095932
850	1.42887	1.703401	0.105486
851	1.425883	1.804461	0.142548
852	1.45005	1.850342	0.169207
853	1.387836	1.518133	0.315535
854	1.464372	1.721371	0.112577
855	1.377086	1.45663	0.457476
856	1.381387	1.469443	0.435402
857	1.429906	0.989451	0.838266
858	1.419564	1.039381	0.841304
859	1.419103	1.038512	0.792057
860	1.216663	0.906131	0.873477
861	1.4218	1.051517	0.893674
862	1.430329	1.028844	0.886809
863	1.410573	1.061184	0.798923
864	1.30728	0.877363	0.968979
865	1.151201	0.953206	0.888589
866	1.376644	0.903281	0.871684
867	1.164837	0.938782	0.85605
868	1.422658	0.955449	0.827928
869	1.180158	0.919593	0.870397
870	1.254424	0.930586	0.775447
871	1.405479	0.924573	0.849716
872	1.345041	0.901818	0.870948
873	1.254622	0.899854	0.874829
874	1.076873	1.060278	0.959495
875	1.111517	1.059529	0.933789
876	1.100502	0.979442	0.917386
877	1.0555	0.983037	0.927472
878	1.089834	0.97606	0.916621
879	1.071022	0.976846	0.919981
880	1.04594	1.039531	0.950766
