Area	PointA	PointB	PointC
1	21	1	5
2	3	2	1
3	8	9	10
4	4	3	1
5	93	331	12
6	13	14	15
7	16	17	18
8	10	19	8
9	4	1	21
10	20	4	21
11	22	23	17
12	25	26	27
13	677	28	29
14	5	2	30
15	31	32	33
16	35	36	37
17	3	30	2
18	4	39	3
19	40	41	42
20	43	44	45
21	48	4	20
22	49	50	51
23	5	52	53
24	54	39	4
25	57	58	55
26	30	34	5
27	53	52	59
28	30	3	60
29	54	4	61
30	63	64	65
31	66	67	68
32	70	27	71
33	72	73	74
34	4	48	61
35	878	76	879
36	79	867	869
37	82	59	52
38	47	46	62
39	83	84	85
40	86	6	25
41	87	88	89
42	92	93	11
43	95	96	97
44	99	705	98
45	489	739	100
46	102	103	104
47	105	106	107
48	93	92	593
49	108	109	110
50	111	112	113
51	116	117	103
52	118	119	120
53	36	35	121
54	122	123	124
55	27	127	128
56	129	102	104
57	201	738	361
58	134	135	136
59	75	21	53
60	658	138	139
61	140	15	14
62	142	143	144
63	41	135	42
64	278	147	370
65	150	151	152
66	107	153	105
67	154	155	156
68	522	157	452
69	159	160	161
70	154	156	162
71	163	164	165
72	119	118	166
73	168	169	170
74	171	172	173
75	8	19	174
76	175	176	177
77	567	178	179
78	180	181	182
79	183	184	40
80	141	185	186
81	187	188	189
82	162	190	154
83	421	192	191
84	194	319	195
85	136	113	196
86	73	72	197
87	134	42	135
88	126	429	125
89	198	73	197
90	199	200	131
91	112	196	113
92	201	58	202
93	138	160	203
94	33	207	208
95	209	210	211
96	212	152	213
97	214	215	216
98	217	128	127
99	218	219	220
100	48	20	372
101	124	221	122
102	222	60	3
103	223	224	125
104	203	160	159
105	63	226	227
106	135	228	136
107	229	113	136
108	184	41	40
109	230	110	109
110	214	231	232
111	233	182	234
112	164	235	165
113	236	233	234
114	238	239	240
115	242	243	244
116	139	138	245
117	246	153	247
118	249	250	251
119	31	33	208
120	252	89	88
121	228	229	136
122	253	132	254
123	255	256	189
124	243	242	257
125	30	60	34
126	258	224	223
127	259	252	196
128	196	112	259
129	155	260	156
130	261	18	144
131	262	28	677
132	211	263	209
133	238	264	265
134	62	267	47
135	268	269	111
136	185	236	186
137	277	278	279
138	281	189	188
139	282	109	129
140	283	229	228
141	147	284	370
142	285	232	231
143	123	286	287
144	3	39	222
145	290	291	292
146	293	876	270
147	105	294	106
148	13	207	14
149	140	14	295
150	129	104	282
151	65	296	297
152	298	299	300
153	279	257	277
154	301	302	303
155	304	305	306
156	261	307	308
157	252	309	89
158	591	386	115
159	121	35	284
160	227	312	63
161	144	307	261
162	130	317	318
163	63	65	226
164	153	107	319
165	321	322	127
166	68	67	324
167	431	641	567
168	325	97	326
169	327	244	328
170	329	330	331
171	57	202	58
172	158	157	334
173	336	337	338
174	127	339	217
175	25	6	26
176	209	310	311
177	180	137	181
178	340	341	342
179	23	343	344
180	345	84	346
181	148	413	9
182	193	640	347
183	308	84	83
184	219	348	220
185	349	350	351
186	43	45	352
187	244	243	328
188	323	879	877
189	92	11	355
190	356	327	328
191	357	358	359
192	292	291	360
193	62	22	361
194	267	275	47
195	318	131	130
196	199	225	200
197	362	339	363
198	255	189	281
199	367	368	369
200	241	859	858
201	48	372	61
202	373	139	245
203	374	321	26
204	275	369	274
205	698	416	333
206	859	241	857
207	377	135	41
208	207	13	378
209	41	184	379
210	380	381	225
211	427	148	376
212	303	45	346
213	98	384	272
214	131	318	199
215	63	312	206
216	316	315	386
217	194	387	266
218	388	389	390
219	91	90	696
220	59	75	53
221	707	90	159
222	377	228	135
223	378	393	207
224	394	395	396
225	397	388	390
226	398	399	245
227	84	307	346
228	269	268	179
229	400	52	34
230	402	403	404
231	405	63	340
232	230	406	110
233	139	373	407
234	329	408	330
235	11	409	355
236	410	304	306
237	103	117	272
238	279	278	370
239	12	644	11
240	388	411	412
241	236	334	233
242	326	96	414
243	247	416	117
244	417	418	419
245	420	421	422
246	529	123	122
247	276	424	425
248	384	104	103
249	380	291	381
250	137	425	181
251	243	257	428
252	320	137	391
253	34	52	5
254	159	161	707
255	613	333	416
256	151	430	152
257	431	229	283
258	71	27	432
259	346	45	345
260	433	281	188
261	92	355	434
262	266	387	80
263	435	260	155
264	128	432	27
265	424	297	296
266	436	309	252
267	437	265	314
268	31	438	439
269	111	378	440
270	696	90	707
271	110	421	420
272	230	109	282
273	443	107	106
274	8	376	148
275	444	445	347
276	24	252	259
277	433	188	330
278	398	447	399
279	110	406	421
280	190	429	126
281	305	304	449
282	148	9	8
283	377	41	379
284	356	328	447
285	71	432	10
286	857	452	158
287	24	436	252
288	454	441	442
289	455	423	456
290	320	276	137
291	75	59	673
292	693	91	696
293	426	232	177
294	320	232	426
295	455	286	123
296	337	343	47
297	447	457	356
298	458	408	329
299	295	14	513
300	328	243	428
301	191	864	141
302	457	447	398
303	399	373	245
304	444	404	445
305	394	396	417
306	255	281	459
307	460	461	85
308	462	440	463
309	464	465	376
310	37	407	35
311	175	466	176
312	353	467	468
313	436	469	309
314	470	117	416
315	471	182	233
316	406	354	76
317	24	440	462
318	189	94	99
319	35	407	472
320	473	474	151
321	475	476	477
322	465	427	376
323	37	139	407
324	317	809	318
325	478	119	114
326	324	67	479
327	268	111	113
328	514	481	288
329	417	482	483
330	396	326	414
331	484	262	174
332	485	86	25
333	342	341	486
334	378	13	487
335	488	100	101
336	352	402	306
337	179	439	269
338	353	490	467
339	263	207	310
340	328	491	492
341	384	103	272
342	493	863	265
343	437	238	265
344	433	330	408
345	417	483	418
346	23	47	343
347	495	222	39
348	403	352	302
349	431	283	641
350	464	376	8
351	144	143	346
352	497	498	403
353	6	499	500
354	501	485	27
355	176	466	448
356	345	45	44
357	447	328	492
358	502	503	468
359	504	350	505
360	426	424	276
361	448	204	176
362	246	506	153
363	440	378	463
364	438	507	269
365	508	462	463
366	263	14	207
367	509	165	510
368	388	397	286
369	111	507	378
370	292	360	361
371	408	458	512
372	140	295	32
373	426	297	424
374	141	864	185
375	423	455	123
376	410	515	220
377	128	217	432
378	516	515	300
379	517	518	519
380	470	416	364
381	428	491	328
382	458	329	593
383	483	212	213
384	421	191	422
385	507	438	208
386	349	505	350
387	520	349	475
388	276	425	137
389	470	272	117
390	373	399	521
391	569	215	383
392	297	177	65
393	343	523	344
394	418	483	213
395	300	481	514
396	423	524	450
397	360	291	525
398	351	475	349
399	503	526	475
400	353	527	490
401	337	47	338
402	145	146	528
403	246	486	506
404	504	517	519
405	285	231	175
406	207	33	310
407	433	459	281
408	104	50	282
409	388	286	411
410	423	123	529
411	86	485	375
412	530	340	63
413	531	365	401
414	61	532	54
415	448	533	494
416	534	279	370
417	535	395	394
418	536	524	529
419	284	35	472
420	537	368	367
421	538	213	152
422	484	174	539
423	556	178	496
424	350	101	540
425	166	254	119
426	206	530	63
427	238	541	264
428	542	408	512
429	249	67	389
430	395	120	119
431	432	217	543
432	544	545	279
433	669	465	374
434	546	434	355
435	409	547	548
436	549	460	44
437	286	455	411
438	433	408	542
439	177	297	426
440	535	120	395
441	508	550	462
442	551	156	260
443	552	308	83
444	594	115	386
445	83	553	552
446	555	503	477
447	612	87	89
448	169	168	557
449	125	446	223
450	257	279	545
451	111	269	507
452	393	507	208
453	406	230	354
454	79	421	406
455	302	558	497
456	214	216	231
457	157	471	233
458	521	559	373
459	433	560	459
460	524	423	529
461	168	152	430
462	548	355	409
463	447	561	399
464	534	544	279
465	468	467	502
466	384	50	104
467	399	561	521
468	562	493	235
469	566	372	636
470	432	543	10
471	473	151	150
472	563	156	551
473	407	373	559
474	537	564	565
475	566	61	372
476	345	44	460
477	561	447	492
478	230	282	568
479	215	569	216
480	585	87	533
481	235	510	165
482	417	396	482
483	354	230	568
484	355	548	546
485	233	334	157
486	570	312	227
487	56	380	225
488	231	611	175
489	284	472	420
490	351	540	476
491	435	551	260
492	43	549	44
493	502	526	503
494	860	191	192
495	34	60	400
496	339	573	217
497	550	574	496
498	108	420	472
499	106	294	146
500	575	576	336
501	559	472	407
502	40	611	231
503	370	186	534
504	456	578	455
505	360	525	579
506	539	174	19
507	380	525	291
508	552	553	580
509	62	554	267
510	257	545	428
511	114	325	326
512	522	471	157
513	54	495	39
514	581	370	284
515	528	146	583
516	387	288	80
517	584	448	466
518	448	584	585
519	27	485	25
520	491	428	586
521	319	266	613
522	655	673	59
523	476	475	351
524	249	313	67
525	589	171	173
526	542	512	499
527	512	590	500
528	555	412	578
529	439	591	32
530	533	592	494
531	294	163	509
532	199	56	225
533	559	109	472
534	590	458	593
535	571	446	429
536	223	446	571
537	466	175	611
538	405	492	491
539	558	239	437
540	594	487	607
541	416	595	364
542	596	466	134
543	326	396	478
544	592	533	612
545	433	542	597
546	560	433	598
547	156	599	162
548	59	82	588
549	269	439	438
550	600	375	413
551	477	503	475
552	19	10	601
553	112	440	259
554	436	24	496
555	182	215	180
556	67	313	479
557	602	435	603
558	402	298	306
559	599	190	162
560	422	581	284
561	362	648	453
562	152	604	538
563	18	261	16
564	605	366	365
565	443	106	572
566	601	606	19
567	10	543	601
568	76	878	876
569	607	487	15
570	551	435	602
571	490	608	467
572	120	535	609
573	503	555	468
574	577	468	555
575	50	49	282
576	46	22	62
577	20	75	636
578	610	354	568
579	548	589	546
580	87	612	533
581	357	97	325
582	541	238	240
583	185	866	871
584	180	215	137
585	187	366	605
586	588	655	59
587	52	400	614
588	611	134	466
589	466	596	584
590	563	599	156
591	615	505	349
592	454	336	576
593	616	590	593
594	314	859	335
595	480	640	81
596	50	384	98
597	617	618	343
598	576	441	454
599	343	618	240
600	594	386	315
601	42	134	611
602	592	619	183
603	65	177	226
604	620	624	218
605	621	544	534
606	501	27	70
607	585	584	88
608	556	496	574
609	622	294	105
610	561	116	521
611	82	52	623
612	518	517	527
613	357	624	97
614	62	361	554
615	429	190	625
616	571	66	223
617	366	874	875
618	622	164	163
619	481	300	299
620	626	506	486
621	400	60	627
622	247	153	319
623	250	476	101
624	628	465	464
625	629	22	17
626	597	600	598
627	492	405	342
628	570	227	204
629	498	335	385
630	500	499	512
631	60	222	627
632	204	227	226
633	630	389	388
634	511	360	579
635	55	525	380
636	412	411	578
637	18	523	144
638	472	109	108
639	625	190	599
640	868	158	334
641	66	68	223
642	311	210	209
643	632	633	476
644	562	235	164
645	586	405	491
646	634	261	308
647	323	94	635
648	664	636	673
649	486	341	626
650	380	56	55
651	433	597	598
652	568	282	49
653	309	612	89
654	614	623	52
655	187	273	366
656	350	540	351
657	22	629	361
658	497	403	302
659	132	325	114
660	533	448	585
661	438	31	208
662	189	256	94
663	267	369	275
664	406	76	333
665	420	422	284
666	597	375	600
667	306	43	352
668	521	116	102
669	474	430	151
670	54	532	639
671	187	605	330
672	12	331	605
673	590	616	500
674	534	186	234
675	144	346	307
676	620	289	96
677	320	426	276
678	75	673	636
679	481	640	480
680	586	428	545
681	559	521	102
682	305	549	43
683	561	486	116
684	523	17	344
685	302	45	303
686	54	643	495
687	271	270	644
688	568	49	610
689	249	389	632
690	591	179	178
691	486	561	492
692	187	99	273
693	234	621	534
694	372	20	636
695	12	11	93
696	331	330	605
697	406	333	332
698	247	613	416
699	119	478	395
700	402	352	403
701	259	440	24
702	404	298	402
703	84	345	85
704	606	539	19
705	178	556	386
706	622	163	294
707	547	646	548
708	114	119	254
709	556	574	316
710	687	124	602
711	456	353	577
712	495	647	222
713	584	596	196
714	265	264	493
715	54	639	643
716	179	591	439
717	137	214	391
718	214	137	215
719	429	625	571
720	61	566	649
721	40	42	611
722	493	264	235
723	650	560	651
724	581	422	141
725	312	678	206
726	106	146	572
727	165	509	163
728	621	181	544
729	99	187	189
730	124	563	551
731	222	652	627
732	524	451	450
733	649	532	61
734	629	17	16
735	405	586	64
736	645	638	588
737	217	648	543
738	187	330	188
739	226	176	204
740	217	573	648
741	390	66	571
742	319	107	443
743	490	527	608
744	514	620	516
745	196	596	134
746	581	141	186
747	598	651	560
748	266	319	194
749	545	296	586
750	527	167	133
751	195	319	443
752	619	184	183
753	518	133	382
754	196	88	584
755	375	501	413
756	301	142	240
757	298	404	444
758	386	591	178
759	574	315	316
760	64	63	405
761	296	64	586
762	212	150	152
763	651	653	650
764	261	634	16
765	528	654	145
766	251	313	249
767	352	45	302
768	238	437	239
769	638	655	588
770	113	229	268
771	136	196	134
772	326	97	96
773	482	145	654
774	463	378	487
775	323	635	77
776	361	511	201
777	541	235	264
778	558	302	239
779	664	676	636
780	342	486	492
781	23	46	47
782	559	102	129
783	6	582	26
784	657	146	509
785	263	513	14
786	658	623	614
787	583	146	657
788	451	524	659
789	246	116	486
790	599	287	625
791	559	129	109
792	97	624	95
793	545	544	425
794	571	661	390
795	181	621	234
796	528	583	654
797	527	133	518
798	215	182	471
799	343	240	523
800	221	124	687
801	439	32	31
802	111	440	112
803	392	195	443
804	396	395	478
805	124	123	563
806	620	95	624
807	420	108	110
808	578	411	455
809	537	554	361
810	252	88	196
811	403	498	445
812	632	389	630
813	58	579	525
814	378	507	393
815	58	525	55
816	520	475	526
817	662	527	517
818	510	541	617
819	375	542	86
820	193	860	869
821	353	167	527
822	508	463	574
823	152	168	604
824	176	226	177
825	275	338	47
826	651	598	653
827	320	391	232
828	374	582	669
829	620	514	289
830	58	201	579
831	600	653	598
832	102	116	103
833	51	610	49
834	127	322	663
835	664	655	638
836	623	665	82
837	474	666	430
838	218	359	358
839	667	502	467
840	43	306	305
841	467	608	668
842	164	626	341
843	229	567	268
844	427	465	669
845	239	301	240
846	218	220	516
847	145	482	248
848	142	523	240
849	670	552	580
850	618	541	240
851	332	613	865
852	617	343	337
853	599	563	287
854	375	485	501
855	653	148	171
856	671	451	659
857	593	672	616
858	640	299	347
859	493	340	530
860	655	664	673
861	589	173	546
862	495	643	674
863	526	502	667
864	516	620	218
865	26	582	374
866	308	552	675
867	665	36	82
868	234	182	181
869	495	674	647
870	516	300	514
871	153	506	105
872	397	571	625
873	620	96	95
874	677	464	8
875	544	181	425
876	640	481	299
877	326	478	114
878	186	370	581
879	489	100	488
880	85	345	460
881	672	172	616
882	668	667	467
883	246	247	117
884	572	145	679
885	117	116	246
886	340	342	405
887	597	542	375
888	545	425	296
889	449	304	680
890	515	306	298
891	218	624	359
892	618	617	541
893	515	516	220
894	127	26	321
895	248	679	145
896	471	383	215
897	287	563	123
898	296	425	424
899	85	553	83
900	681	170	682
901	170	681	168
902	168	683	604
903	75	20	21
904	392	248	684
905	624	357	359
906	404	403	445
907	441	576	660
908	236	234	186
909	65	64	296
910	340	562	341
911	615	349	520
912	143	142	303
913	173	172	672
914	235	541	510
915	430	666	168
916	551	602	124
917	685	658	614
918	658	665	623
919	527	686	608
920	647	652	222
921	115	32	591
922	685	614	400
923	649	639	532
924	625	287	397
925	571	397	661
926	146	145	572
927	383	183	569
928	13	15	487
929	70	9	413
930	294	509	146
931	283	228	641
932	520	689	615
933	645	36	690
934	634	308	675
935	515	410	306
936	390	389	66
937	419	394	417
938	361	564	537
939	277	639	649
940	566	691	649
941	654	483	482
942	418	213	701
943	638	645	688
944	530	861	371
945	567	179	268
946	617	336	510
947	301	303	142
948	70	413	501
949	389	67	66
950	692	608	686
951	299	298	444
952	645	690	688
953	647	674	693
954	550	496	24
955	397	287	286
956	657	473	583
957	371	861	858
958	250	249	632
959	114	254	132
960	393	208	207
961	500	7	6
962	400	694	685
963	462	550	24
964	695	527	662
965	639	277	242
966	477	633	630
967	857	241	678
968	696	697	647
969	698	333	76
970	509	510	454
971	456	423	450
972	29	628	464
973	535	394	419
974	337	336	617
975	400	627	694
976	566	676	691
977	678	312	452
978	100	642	251
979	654	583	150
980	298	300	515
981	701	419	418
982	388	412	630
983	228	309	469
984	725	382	702
985	697	652	647
986	643	639	242
987	27	26	127
988	499	6	86
989	674	643	703
990	509	442	657
991	693	696	647
992	704	691	700
993	482	414	248
994	139	665	658
995	468	577	353
996	654	150	212
997	98	880	50
998	101	476	540
999	626	622	506
1000	523	142	144
1001	100	251	250
1002	704	700	706
1003	688	690	706
1004	674	703	693
1005	473	150	583
1006	289	288	684
1007	697	707	708
1008	694	627	652
1009	46	23	22
1010	278	277	649
1011	160	658	685
1012	555	578	577
1013	29	464	677
1014	700	688	706
1015	193	870	860
1016	177	232	285
1017	232	391	214
1018	707	697	696
1019	168	666	557
1020	454	442	509
1021	705	99	94
1022	537	367	554
1023	630	412	555
1024	493	562	340
1025	691	278	649
1026	336	454	510
1027	657	442	473
1028	695	709	527
1029	323	877	51
1030	304	410	710
1031	685	694	708
1032	396	414	482
1033	552	670	675
1034	690	36	121
1035	302	301	239
1036	270	11	644
1037	712	693	703
1038	344	17	23
1039	691	704	278
1040	690	121	706
1041	177	285	175
1042	143	303	346
1043	37	36	665
1044	159	90	203
1045	91	693	712
1046	643	242	703
1047	667	198	526
1048	139	37	665
1049	632	630	633
1050	707	161	708
1051	656	451	671
1052	84	308	307
1053	147	121	284
1054	658	160	138
1055	363	127	663
1056	686	527	709
1057	354	610	879
1058	310	209	263
1059	629	16	713
1060	483	654	212
1061	198	520	526
1062	595	711	875
1063	237	133	167
1064	685	708	161
1065	414	96	248
1066	341	562	164
1067	410	220	348
1068	710	410	348
1069	476	633	477
1070	473	442	474
1071	205	280	570
1072	121	147	706
1073	293	270	271
1074	703	242	244
1075	653	413	148
1076	160	685	161
1077	698	76	293
1078	577	578	456
1079	608	692	668
1080	242	277	257
1081	9	71	10
1082	499	86	542
1083	637	167	456
1084	451	637	450
1085	371	493	530
1086	174	677	8
1087	363	339	127
1088	587	488	350
1089	684	248	289
1090	73	198	667
1091	71	9	70
1092	18	17	523
1093	686	715	692
1094	237	382	133
1095	867	266	80
1096	353	456	167
1097	630	555	477
1098	248	96	289
1099	667	74	73
1100	74	667	668
1101	716	609	535
1102	668	692	74
1103	164	622	626
1104	717	675	670
1105	681	683	168
1106	354	879	76
1107	570	204	205
1108	538	701	213
1109	105	506	622
1110	250	632	476
1111	554	367	267
1112	250	101	100
1113	99	98	874
1114	874	366	273
1115	692	72	74
1116	72	692	715
1117	130	634	675
1118	701	538	126
1119	419	224	535
1120	538	154	126
1121	130	675	718
1122	224	419	701
1123	538	155	154
1124	381	290	713
1125	701	126	125
1126	125	224	701
1127	367	369	267
1128	291	290	381
1129	718	317	130
1130	535	224	716
1131	154	190	126
1132	574	550	508
1133	316	386	556
1134	723	338	275
1135	529	122	221
1136	519	587	504
1137	305	720	549
1138	721	717	670
1139	722	723	275
1140	575	336	338
1141	702	724	725
1142	683	435	604
1143	603	687	602
1144	726	727	197
1145	166	253	254
1146	524	536	728
1147	536	529	221
1148	517	729	662
1149	504	587	350
1150	717	564	361
1151	517	505	729
1152	730	726	731
1153	219	732	710
1154	16	200	713
1155	604	155	538
1156	637	451	656
1157	733	726	197
1158	731	695	730
1159	324	223	68
1160	734	735	736
1161	461	737	553
1162	435	155	604
1163	489	725	739
1164	318	809	199
1165	716	740	118
1166	274	369	368
1167	733	197	72
1168	258	716	224
1169	553	737	580
1170	683	603	435
1171	609	118	120
1172	742	735	720
1173	710	680	304
1174	770	771	758
1175	656	724	702
1176	729	505	615
1177	727	689	520
1178	743	744	745
1179	461	553	85
1180	219	710	348
1181	358	357	132
1182	666	746	557
1183	722	275	274
1184	747	576	575
1185	748	749	732
1186	662	730	695
1187	744	660	745
1188	397	390	661
1189	681	750	683
1190	715	733	72
1191	517	504	505
1192	741	442	744
1193	536	221	750
1194	489	587	725
1195	223	324	258
1196	751	752	747
1197	682	753	681
1198	565	564	721
1199	202	738	201
1200	750	728	536
1201	461	754	737
1202	743	755	756
1203	488	587	489
1204	118	609	716
1205	358	764	218
1206	734	368	565
1207	757	756	758
1208	169	759	170
1209	753	750	681
1210	350	488	101
1211	731	726	733
1212	358	132	253
1213	749	719	736
1214	761	660	719
1215	755	762	756
1216	659	724	671
1217	739	772	642
1218	382	725	519
1219	730	729	615
1220	686	731	715
1221	715	731	733
1222	198	727	520
1223	689	763	615
1224	358	253	764
1225	765	740	716
1226	753	766	728
1227	737	767	580
1228	767	768	769
1229	771	770	765
1230	753	728	750
1231	197	727	198
1232	325	132	357
1233	765	760	740
1234	764	732	219
1235	750	221	603
1236	720	461	460
1237	382	519	518
1238	736	735	749
1239	729	730	662
1240	324	479	766
1241	131	200	16
1242	757	759	746
1243	758	771	759
1244	742	680	710
1245	660	576	719
1246	809	810	199
1247	442	741	474
1248	759	771	170
1249	727	726	763
1250	720	735	461
1251	718	69	631
1252	603	221	687
1253	565	368	537
1254	767	670	580
1255	767	721	670
1256	724	659	728
1257	726	730	763
1258	747	575	723
1259	524	728	659
1260	634	131	16
1261	734	722	274
1262	731	686	709
1263	735	769	768
1264	761	719	749
1265	770	760	765
1266	313	642	772
1267	695	731	709
1268	449	720	305
1269	769	735	734
1270	724	772	739
1271	767	769	721
1272	682	170	771
1273	728	772	724
1274	734	751	722
1275	749	742	732
1276	725	587	519
1277	745	755	743
1278	727	763	689
1279	368	734	274
1280	449	742	720
1281	721	564	717
1282	746	666	741
1283	761	748	755
1284	771	765	682
1285	118	760	166
1286	754	735	768
1287	683	750	603
1288	743	757	746
1289	575	338	723
1290	258	765	716
1291	741	666	474
1292	754	461	735
1293	741	743	746
1294	754	768	767
1295	746	169	557
1296	721	769	565
1297	660	761	745
1298	720	460	549
1299	756	764	166
1300	759	757	758
1301	754	767	737
1302	769	734	565
1303	762	755	748
1304	748	732	764
1305	762	764	756
1306	746	759	169
1307	722	751	747
1308	758	756	770
1309	324	766	753
1310	313	772	766
1311	764	253	166
1312	751	736	752
1313	739	725	724
1314	753	258	324
1315	218	764	219
1316	752	736	719
1317	748	761	749
1318	724	656	671
1319	749	735	742
1320	166	760	770
1321	747	752	576
1322	642	313	251
1323	739	642	100
1324	634	130	131
1325	740	760	118
1326	728	766	772
1327	753	682	765
1328	742	710	732
1329	258	753	765
1330	770	756	166
1331	730	615	763
1332	722	747	723
1333	576	752	719
1334	744	743	741
1335	762	748	764
1336	479	313	766
1337	743	756	757
1338	680	742	449
1339	734	736	751
1340	745	761	755
1341	38	193	347
1342	653	171	589
1343	653	589	650
1344	600	413	653
1345	229	431	567
1346	699	656	702
1347	702	237	699
1348	637	656	699
1349	167	699	237
1350	699	167	637
1351	456	450	637
1352	480	81	80
1353	289	514	288
1354	288	481	480
1355	387	194	288
1356	288	194	684
1357	194	195	684
1358	684	195	392
1359	572	679	443
1360	392	679	248
1361	443	679	392
1362	347	445	38
1363	445	149	38
1364	445	498	149
1365	498	385	415
1366	498	497	335
1367	497	558	314
1368	437	314	558
1369	691	676	700
1370	676	688	700
1371	688	676	638
1372	636	676	566
1373	664	638	676
1374	588	82	645
1375	82	36	645
1376	147	278	704
1377	706	147	704
1378	40	569	183
1379	569	40	216
1380	231	216	40
1381	469	436	641
1382	228	469	641
1383	21	5	53
1384	1	2	5
1385	256	547	94
1386	635	94	547
1387	547	409	635
1388	646	547	256
1389	635	409	77
1390	78	77	409
1391	270	78	409
1392	409	11	270
1393	401	644	531
1394	256	255	646
1395	205	204	383
1396	383	204	183
1397	383	280	205
1398	157	158	452
1399	570	522	312
1400	452	312	522
1401	442	441	744
1402	660	744	441
1403	436	496	641
1404	487	574	463
1405	574	487	315
1406	594	315	487
1407	607	15	594
1408	594	15	115
1409	15	140	115
1410	115	140	32
1411	33	32	295
1412	33	295	513
1413	310	33	513
1414	210	310	513
1415	310	210	311
1416	210	513	211
1417	263	211	513
1418	88	87	585
1419	448	494	204
1420	494	183	204
1421	592	183	494
1422	619	592	612
1423	309	228	377
1424	377	379	309
1425	379	184	309
1426	619	309	184
1427	612	309	619
1428	546	173	434
1429	672	434	173
1430	650	548	646
1431	548	650	589
1432	650	646	459
1433	560	650	459
1434	459	646	255
1435	434	672	92
1436	672	593	92
1437	590	512	458
1438	329	331	93
1439	329	93	593
1440	605	365	531
1441	605	531	12
1442	416	698	595
1443	595	698	293
1444	711	595	293
1445	711	293	271
1446	711	271	401
1447	644	12	531
1448	271	644	401
1449	148	427	171
1450	171	427	172
1451	427	669	172
1452	172	669	616
1453	616	7	500
1454	669	7	616
1455	582	6	7
1456	669	582	7
1457	321	374	465
1458	628	321	465
1459	628	29	321
1460	321	29	322
1461	29	28	322
1462	322	28	663
1463	262	677	174
1464	28	262	663
1465	262	484	663
1466	663	484	363
1467	484	539	363
1468	362	363	539
1469	606	362	539
1470	601	543	606
1471	606	543	362
1472	543	648	362
1473	713	225	381
1474	225	713	200
1475	290	629	713
1476	290	361	629
1477	361	290	292
1478	511	361	360
1479	579	201	511
1480	361	738	717
1481	718	717	69
1482	738	69	717
1483	718	675	717
1484	694	652	708
1485	652	697	708
1486	703	244	712
1487	327	712	244
1488	356	712	327
1489	712	356	91
1490	356	457	91
1491	91	457	90
1492	203	90	457
1493	457	398	203
1494	398	245	203
1495	203	245	138
1496	702	382	237
1497	573	339	362
1498	362	453	573
1499	573	453	648
1500	641	178	567
1501	641	496	178
1502	191	873	864
1503	191	141	422
1504	429	446	125
1505	94	51	705
1506	51	50	880
1507	444	347	299
1508	865	613	266
1509	319	613	247
1510	280	522	570
1511	837	827	840
1512	818	798	774
1513	828	836	821
1514	783	777	839
1515	812	783	823
1516	814	813	782
1517	836	801	793
1518	819	774	809
1519	800	793	801
1520	840	839	777
1521	841	835	783
1522	797	775	773
1523	807	779	808
1524	786	784	799
1525	819	830	816
1526	777	837	840
1527	788	783	789
1528	804	834	785
1529	831	802	823
1530	801	837	777
1531	830	796	816
1532	784	836	793
1533	838	834	804
1534	774	798	773
1535	817	819	816
1536	802	780	812
1537	785	805	804
1538	818	774	819
1539	778	814	825
1540	776	786	815
1541	794	801	777
1542	839	844	783
1543	821	784	786
1544	820	823	824
1545	775	810	809
1546	813	798	782
1547	841	783	844
1548	788	811	824
1549	783	824	823
1550	797	799	792
1551	794	777	783
1552	776	854	786
1553	791	787	789
1554	819	809	830
1555	786	799	815
1556	812	794	783
1557	774	775	809
1558	835	789	783
1559	780	802	779
1560	813	815	799
1561	800	812	780
1562	792	799	784
1563	810	775	807
1564	833	838	804
1565	818	825	798
1566	806	805	785
1567	798	797	773
1568	839	840	845
1569	795	825	826
1570	774	773	775
1571	820	824	811
1572	825	795	778
1573	804	805	831
1574	827	837	836
1575	775	797	781
1576	798	813	799
1577	825	782	798
1578	793	792	784
1579	837	801	836
1580	802	803	779
1581	795	826	853
1582	826	818	817
1583	815	813	814
1584	836	828	827
1585	814	782	825
1586	812	801	794
1587	812	823	802
1588	781	779	807
1589	792	800	781
1590	776	815	790
1591	780	781	800
1592	829	827	828
1593	783	788	824
1594	789	787	788
1595	812	800	801
1596	819	817	818
1597	847	843	811
1598	815	814	790
1599	781	780	779
1600	779	803	808
1601	793	800	792
1602	821	822	828
1603	828	822	829
1604	799	797	798
1605	810	807	808
1606	781	797	792
1607	803	802	806
1608	791	790	814
1609	826	817	832
1610	836	784	821
1611	775	781	807
1612	802	805	806
1613	818	826	825
1614	840	827	829
1615	829	845	840
1616	787	791	778
1617	843	847	846
1618	789	835	849
1619	791	814	778
1620	789	849	790
1621	831	833	804
1622	851	850	841
1623	795	853	847
1624	852	829	822
1625	833	843	846
1626	849	776	790
1627	835	841	850
1628	845	829	852
1629	789	790	791
1630	795	847	778
1631	834	838	846
1632	853	832	856
1633	811	787	847
1634	850	776	849
1635	839	845	851
1636	845	852	851
1637	786	854	822
1638	811	788	787
1639	849	835	850
1640	846	848	834
1641	785	834	848
1642	851	844	839
1643	816	856	832
1644	841	844	851
1645	846	853	856
1646	848	846	856
1647	847	787	778
1648	816	855	856
1649	853	846	847
1650	846	838	833
1651	832	817	816
1652	853	826	832
1653	848	856	855
1654	850	854	776
1655	796	855	816
1656	842	843	833
1657	843	842	820
1658	831	842	833
1659	823	820	842
1660	842	831	823
1661	802	831	805
1662	843	820	811
1663	57	806	202
1664	785	202	806
1665	806	57	803
1666	810	808	199
1667	199	808	56
1668	808	803	56
1669	56	57	55
1670	57	56	803
1671	830	809	317
1672	631	317	718
1673	631	830	317
1674	830	631	69
1675	796	830	69
1676	855	796	69
1677	69	738	855
1678	855	738	848
1679	738	202	848
1680	848	202	785
1681	854	850	851
1682	822	854	851
1683	822	851	852
1684	822	821	786
1685	149	866	872
1686	872	38	149
1687	866	185	872
1688	864	872	185
1689	864	873	872
1690	873	38	872
1691	640	193	81
1692	192	869	860
1693	869	867	81
1694	421	79	192
1695	332	865	79
1696	865	266	867
1697	79	865	867
1698	406	332	79
1699	860	873	191
1700	860	870	873
1701	870	38	873
1702	868	859	857
1703	858	862	241
1704	858	861	862
1705	861	206	862
1706	498	415	149
1707	866	149	415
1708	862	206	678
1709	678	241	862
1710	871	334	185
1711	415	871	866
1712	236	185	334
1713	859	314	265
1714	335	859	868
1715	333	613	332
1716	497	314	335
1717	858	863	371
1718	858	859	863
1719	859	265	863
1720	857	158	868
1721	678	452	857
1722	81	193	869
1723	480	80	288
1724	192	79	869
1725	867	80	81
1726	335	868	385
1727	385	868	871
1728	871	415	385
1729	868	334	871
1730	383	471	280
1731	471	522	280
1732	470	364	874
1733	874	98	272
1734	272	470	874
1735	273	99	874
1736	874	364	875
1737	365	875	401
1738	875	365	366
1739	875	364	595
1740	875	711	401
1741	878	879	78
1742	876	878	270
1743	51	880	705
1744	610	877	879
1745	51	877	610
1746	51	94	323
1747	78	879	77
1748	876	293	76
1749	323	77	879
1750	878	78	270
1751	493	371	863
1752	530	206	861
1753	98	705	880
